2000
0.05
0.110742
0.100197
0.0869267
0.0716989
0.0549269
0.0368845
0.0180799
-0.000647191
-0.018064
-0.0325128
-0.04243
-0.047232
-0.0479078
-0.0467327
-0.046498
-0.0496482
-0.057836
-0.0714188
-0.0896294
-0.111037
-0.133826
-0.156269
-0.176784
-0.19372
-0.205546
-0.211156
-0.20995
-0.20168
-0.186722
-0.166379
-0.142618
-0.117665
-0.0935737
-0.0719394
-0.0537518
-0.0391525
-0.0278102
-0.019541
-0.0143266
-0.0120501
-0.0120692
-0.0129679
-0.0127426
-0.00955294
-0.00260271
0.00790322
0.0208775
0.0346869
0.0480225
0.0603467
0.0716891
0.0822973
0.0920259
0.0999998
0.104746
0.104921
0.100008
0.0903946
0.0773641
0.0628236
0.0485263
0.035482
0.0242552
0.0242552
0.0154794
0.0101414
0.00939558
0.0143568
0.0254921
0.0424352
0.0641009
0.0886361
0.113764
0.137046
0.156289
0.169775
0.176416
0.175811
0.168214
0.154653
0.136806
0.116486
0.0950967
0.0732621
0.0509497
0.0279945
0.00457648
-0.0184781
-0.0399176
-0.0587204
-0.0743155
-0.0865078
-0.0954914
-0.101778
-0.105767
-0.107406
-0.106435
-0.1027
-0.0962
-0.0870651
-0.0756565
-0.0623941
-0.0476399
-0.0318308
-0.0156189
-0.000102589
0.0132657
0.0231643
0.0288074
0.0303761
0.0286571
0.0243396
0.0177678
0.00886729
-0.0025968
-0.0163009
-0.0306408
-0.0430608
-0.0510889
-0.0533216
-0.0498772
-0.0424019
-0.0335517
-0.0259324
-0.0211558
-0.0195041
-0.0219788
-0.0237801
-0.0251518
-0.0260283
-0.0261122
-0.0246985
-0.0209489
-0.0144748
-0.00591571
0.00297427
0.0101868
0.0144005
0.0154304
0.0141652
0.0118442
0.00940848
0.0072739
0.00532789
0.00312776
0.000347628
-0.00282057
-0.00564852
-0.00715584
-0.00652888
-0.0034501
0.00174638
0.00840501
0.0162424
0.0254982
0.0362656
0.0479854
0.0593517
0.0686716
0.0741826
0.0743417
0.0681375
0.0554476
0.0375301
0.0169205
-0.00342869
-0.021312
-0.0357834
-0.0470155
-0.055561
-0.0615026
-0.0640925
-0.0620334
-0.054213
-0.0405999
-0.0227686
-0.00351484
0.0143815
0.0290728
0.0396312
0.0459452
0.0483932
0.0476255
0.0445175
0.0401614
0.0357809
0.0324281
0.03055
0.0297757
0.0289488
0.0263548
0.0263548
0.0201022
0.00874457
-0.00812107
-0.0295215
-0.0532171
-0.0765435
-0.0972553
-0.11415
-0.127372
-0.137855
-0.146211
-0.152175
-0.154532
-0.151574
-0.141904
-0.125185
-0.102499
-0.0759351
-0.0477766
-0.0198665
0.00670843
0.0316031
0.0547835
0.0758312
0.0935083
0.105914
0.111225
0.108534
0.0983356
0.0822666
0.0625208
0.0411509
0.019686
-0.000980178
-0.0204976
-0.0383548
-0.0536978
-0.0654993
-0.0728398
-0.0753385
-0.0735315
-0.0687511
-0.0625124
-0.0560243
-0.0499587
-0.0442905
-0.0384529
-0.0316526
-0.0231267
-0.0121286
0.00181783
0.0189864
0.0394161
0.0626004
0.0874116
0.112242
0.135295
0.154916
0.17006
0.180684
0.187583
0.191745
0.194104
0.191989
0.186514
0.176744
0.162538
0.144589
0.1243
0.103537
0.0840067
0.0668924
0.0527675
0.0419435
0.0347306
0.0312382
0.0312705
0.034114
0.0384855
0.042653
0.0447524
0.0431171
0.0366737
0.0251756
0.00895144
-0.0114663
-0.035396
-0.0620609
-0.0906106
-0.120048
-0.149136
-0.176469
-0.20058
-0.220136
-0.234205
-0.242548
-0.245535
-0.243781
-0.238051
-0.229218
-0.21817
-0.205587
-0.191866
-0.177358
-0.162496
-0.148028
-0.135083
-0.124926
-0.118718
-0.117181
-0.120454
-0.127999
-0.138598
-0.150628
-0.162573
-0.173355
-0.182285
-0.188825
-0.192231
-0.191472
-0.185675
-0.174733
-0.159377
-0.140797
-0.120196
-0.098252
-0.0750077
-0.0750077
-0.0233553
0.00523951
0.0349848
0.0647802
0.0936216
0.0936216
0.121038
0.147357
0.173474
0.199914
0.225945
0.249541
0.268275
0.280443
0.28578
0.285361
0.280874
0.273983
0.265784
0.256635
0.24649
0.235647
0.225351
0.217961
0.216412
0.22312
0.238874
0.262516
0.291365
0.322064
0.351516
0.377662
0.39958
0.416912
0.429628
0.437769
0.441058
0.438973
0.430899
0.41618
0.394211
0.364814
0.328169
0.284745
0.235393
0.181303
0.124269
0.0666232
0.0106443
-0.0420166
-0.0908528
-0.136212
-0.178624
-0.2186
-0.25649
-0.292134
-0.32465
-0.352717
-0.375141
-0.391425
-0.401932
-0.407932
-0.413293
-0.415077
-0.416474
-0.416939
-0.416139
-0.414502
-0.413329
-0.414257
-0.418454
-0.426119
-0.436472
-0.448334
-0.460623
-0.472513
-0.48356
-0.493635
-0.502657
-0.510226
-0.515759
-0.518705
-0.518756
-0.515655
-0.509022
-0.498443
-0.483738
-0.46521
-0.443485
-0.419352
-0.393419
-0.365989
-0.337005
-0.306079
-0.272855
-0.236922
-0.197914
-0.155726
-0.110852
-0.0644952
-0.0184043
0.0253261
0.0650137
0.0996956
0.128787
0.151576
0.167254
0.175214
0.175281
0.167995
0.154539
0.136505
0.115997
0.0953476
0.0766807
0.0614757
0.0502939
0.042897
0.0385187
0.0363922
0.0363922
0.0386493
0.0441067
0.0534685
0.0672107
0.0849266
0.105646
0.105646
0.152683
0.178428
0.206037
0.235652
0.266742
0.266742
0.298359
0.329454
0.359127
0.386671
0.411784
0.434679
0.45598
0.476578
0.497333
0.518724
0.540875
0.563823
0.587486
0.611833
0.636975
0.662918
0.689234
0.715131
0.739824
0.762807
0.783984
0.803543
0.821798
0.838964
0.854811
0.868729
0.879796
0.886916
0.888979
0.884709
0.872202
0.848726
0.811535
0.75912
0.692204
0.613803
0.528466
0.441209
0.356431
0.277745
0.207721
0.147404
0.0964504
0.0535992
0.0171789
-0.014211
-0.0415262
-0.0656767
-0.0879063
-0.109652
-0.1323
-0.157121
-0.185228
-0.217553
-0.2547
-0.296704
-0.39145
-0.441306
-0.491489
-0.541446
-0.590821
-0.639632
-0.687967
-0.735626
-0.782303
-0.827489
-0.870317
-0.909944
-0.945916
-0.977893
-1
-1
-1
-1
-1
-1
-1
-1
-1
-1
-1
-1
-1
-1
-1
-1
-0.98704
-0.942985
-0.88606
-0.81565
-0.732462
-0.638458
-0.536638
-0.430682
-0.324424
-0.221364
-0.124309
-0.0349645
0.0461584
0.119475
0.185825
0.245791
0.299482
0.346391
0.385535
0.415979
0.437385
0.449844
0.453538
0.449154
0.43813
0.422611
0.405001
0.387482
0.387482
0.360406
0.355271
0.359075
0.37384
0.400617
0.439128
0.439128
0.543841
0.604769
0.667554
0.728882
0.785116
0.785116
0.832565
0.867764
0.887644
0.889323
0.86976
0.825769
0.755158
0.658255
0.538991
0.404878
0.265468
0.130087
0.00621246
-0.101381
-0.190863
-0.262708
-0.318587
-0.360757
-0.391884
-0.414484
-0.430359
-0.440727
-0.446427
-0.4483
-0.447529
-0.445388
-0.442985
-0.441196
-0.440436
-0.440308
-0.439933
-0.438356
-0.434596
-0.427517
-0.415804
-0.398262
-0.373957
-0.342349
-0.303417
-0.257563
-0.205539
-0.148296
-0.0865983
-0.0206947
0.0493299
0.123138
0.199907
0.278007
0.354901
0.427432
0.492548
0.547643
0.590424
0.619189
0.633059
0.631762
0.585173
0.542592
0.490246
0.4312
0.368897
0.306929
0.248968
0.198656
0.159069
0.132361
0.119606
0.120516
0.133153
0.153917
0.177932
0.199572
0.213632
0.216555
0.206721
0.184469
0.151772
0.111461
0.0662782
0.0184376
-0.030187
-0.0777885
-0.122622
-0.163113
-0.197869
-0.225844
-0.246259
-0.258499
-0.262388
-0.258533
-0.248294
-0.233445
-0.215933
-0.197714
-0.180416
-0.165106
-0.152131
-0.141055
-0.130585
-0.118889
-0.10404
-0.0842691
-0.0580968
-0.0247765
0.0154939
0.0618662
0.112929
0.167101
0.223166
0.280263
0.337922
0.396137
0.455308
0.515801
0.515801
0.640132
0.702331
0.763145
0.821954
0.878638
0.933335
0.933335
1
1
1
1
1
1
1
1
1
1
0.911292
0.761006
0.592273
0.415803
0.240608
0.0735125
-0.0805775
-0.218318
-0.337875
-0.438649
-0.520995
-0.586194
-0.636433
-0.674772
-0.704819
-0.730118
-0.753512
-0.776996
-0.801925
-0.829238
-0.859576
-0.893095
-0.929365
-0.96731
-1
-1
-1
-1
-1
-1
-1
-1
-1
-1
-1
-0.967829
-0.891287
-0.804573
-0.711037
-0.613734
-0.515321
-0.418264
-0.325459
-0.240478
-0.167279
-0.109385
-0.0691418
-0.0472772
-0.0431074
-0.0549774
-0.0802752
-0.115574
-0.200437
-0.242682
-0.28089
-0.312567
-0.335393
-0.347301
-0.346359
-0.330738
-0.29919
-0.251498
-0.188451
-0.111541
-0.0228604
0.0746601
0.177293
0.280859
0.381372
0.475593
0.561089
0.635808
0.697783
0.745243
0.776882
0.79213
0.791686
0.777845
0.754163
0.724186
0.690356
0.653938
0.615604
0.576145
0.53674
0.498761
0.463603
0.432475
0.406281
0.385862
0.372056
0.365554
0.366674
0.375355
0.390908
0.411668
0.435489
0.460367
0.484589
0.506372
0.523754
0.53472
0.537445
0.530372
0.512457
0.48317
0.442346
0.390428
0.328422
0.257646
0.257646
0.097117
0.0122906
-0.0717342
-0.152125
-0.226282
-0.292034
-0.292034
-0.392686
-0.425981
-0.447604
-0.458303
-0.459586
-0.459586
-0.453395
-0.44202
-0.427871
-0.413196
-0.399873
-0.389362
-0.382698
-0.380661
-0.383807
-0.392242
-0.405246
-0.421294
-0.438385
-0.454216
-0.466675
-0.47408
-0.474973
-0.467885
-0.451613
-0.425744
-0.390887
-0.34872
-0.301708
-0.252921
-0.205886
-0.164286
-0.131351
-0.10943
-0.100026
-0.103752
-0.120432
-0.149217
-0.188498
-0.236058
-0.289646
-0.347418
-0.407689
-0.468778
-0.52891
-0.586344
-0.639425
-0.68658
-0.726636
-0.758782
-0.782537
-0.79769
-0.8042
-0.802042
-0.791449
-0.773164
-0.748316
-0.718223
-0.684092
-0.646395
-0.604835
-0.558813
-0.451198
-0.388325
-0.318263
-0.239985
-0.15262
-0.0556061
0.0513487
0.168119
0.293822
0.426682
0.563999
0.702086
0.836339
0.961891
1
1
1
1
1
1
1
1
1
1
1
1
1
1
1
2
2
2
2
2
2
2
2
2
1
1
1
1
0.989127
0.850678
0.71384
0.582651
0.460038
0.347738
0.246112
0.154436
0.0712684
-0.00476544
-0.0744947
-0.138433
-0.197459
-0.25325
-0.307758
-0.362608
-0.362608
-0.47833
-0.5415
-0.608683
-0.678918
-0.750471
-0.82128
-0.82128
-0.952798
-1
-1
-1
-1
-1
-1
-1
-1
-1
-1
-1
-1
-1
-1
-1
-1
-1
-1
-1
-1
-1
-1
-0.993005
-0.941623
-0.88306
-0.819304
-0.752436
-0.684205
-0.616232
-0.550147
-0.487401
-0.429188
-0.376315
-0.32934
-0.288834
-0.255195
-0.228399
-0.208029
-0.193287
-0.18306
-0.176169
-0.171507
-0.168286
-0.165977
-0.163856
-0.160816
-0.155488
-0.146692
-0.133772
-0.116461
-0.0945611
-0.0679058
-0.0365224
-0.000723662
0.0389224
0.0816325
0.12633
0.172013
0.217832
0.262867
0.30597
0.382752
0.415246
0.443094
0.465968
0.483766
0.496431
0.503962
0.506558
0.504769
0.499417
0.491889
0.484083
0.478044
0.475429
0.476995
0.482632
0.491751
0.503448
0.516649
0.530237
0.543195
0.55481
0.564429
0.571165
0.574011
0.571915
0.563774
0.548506
0.525132
0.492975
0.451975
0.402803
0.346621
0.285053
0.220223
0.154446
0.0899998
0.0291578
-0.0260369
-0.0740116
-0.113886
-0.145648
-0.170161
-0.188804
-0.203111
-0.21414
-0.222531
-0.229001
-0.234566
-0.240358
-0.247278
-0.255742
-0.265789
-0.27728
-0.289819
-0.302837
-0.315774
-0.327953
-0.327953
-0.346354
-0.350576
-0.350704
-0.346732
-0.33918
-0.328918
-0.328918
-0.304702
-0.292594
-0.281063
-0.270194
-0.270194
-0.260148
-0.251279
-0.243959
-0.238213
-0.233697
-0.229845
-0.225987
-0.221568
-0.216339
-0.210317
-0.203512
-0.195705
-0.186445
-0.175272
-0.162084
-0.147186
-0.130893
-0.113377
-0.0950307
-0.0766379
-0.0591175
-0.0434105
-0.030352
-0.0205043
-0.0139051
-0.00997032
-0.00758375
-0.00550501
-0.00288547
0.000891637
0.00649859
0.0148848
0.0270734
0.0439293
0.0658403
0.0925438
0.123128
0.156172
0.190148
0.223715
0.255793
0.285657
0.313012
0.33787
0.360264
0.38013
0.397313
0.411618
0.422887
0.43109
0.436718
0.440647
0.443806
0.446913
0.450513
0.454855
0.459667
0.468258
0.471059
0.47309
0.475036
0.477557
0.480801
0.484567
0.488522
0.492447
0.496237
0.499513
0.501713
0.502401
0.501225
0.497877
0.491991
0.483196
0.471255
0.456287
0.438727
0.418761
0.39628
0.371113
0.343265
0.312938
0.280499
0.246515
0.211685
0.176894
0.143138
0.111375
0.0824542
0.0569832
0.0354331
0.018013
0.00440907
-0.00622755
-0.0146327
-0.0211106
-0.0258002
-0.029092
-0.0317436
-0.0346289
-0.038336
-0.0432225
-0.0495244
-0.057515
-0.0675326
-0.0798198
-0.0944076
-0.111068
-0.129381
-0.149107
-0.169993
-0.191668
-0.213768
-0.236147
-0.258961
-0.258961
-0.305959
-0.328849
-0.349688
-0.367273
-0.380612
-0.388955
-0.388955
-0.39022
-0.384099
-0.384099
-0.362821
-0.362821
-0.349901
-0.33672
-0.324319
-0.313899
-0.306434
-0.302494
-0.302373
-0.306077
-0.313379
-0.324052
-0.337749
-0.354025
-0.372379
-0.39191
-0.41108
-0.427701
-0.439625
-0.445422
-0.444311
-0.436073
-0.421014
-0.399676
-0.372671
-0.341001
-0.306153
-0.269744
-0.233164
-0.197422
-0.163251
-0.131215
-0.101858
-0.075819
-0.0537806
-0.0364979
-0.0247264
-0.0190966
-0.0200122
-0.0274985
-0.0415138
-0.0618121
-0.0875575
-0.117268
-0.148885
-0.180068
-0.208734
-0.233066
-0.251376
-0.262478
-0.265941
-0.261978
-0.251168
-0.234342
-0.212746
-0.187902
-0.161251
-0.133946
-0.106919
-0.0809768
-0.0569289
-0.0355489
-0.0173191
-0.00243384
0.00910651
0.0174732
0.0230192
0.0261892
0.027638
0.0281554
0.0285448
0.0294653
0.0314764
0.0350844
0.0404484
0.0474106
0.0556847
0.064954
0.0750759
0.0863885
0.0995124
0.114864
0.132629
0.152941
0.175776
0.200969
0.22813
0.256677
0.285977
0.315597
0.34554
0.37604
0.407181
0.438861
0.471022
0.503472
0.535552
0.566102
0.593695
0.61669
0.633365
0.642192
0.641777
0.630672
0.607669
0.572268
0.524882
0.466959
0.400824
0.32928
0.255257
0.181698
0.111398
0.0469216
-0.00956706
-0.0565159
-0.0929164
-0.118248
-0.132399
-0.135838
-0.129696
-0.115526
-0.0948933
-0.0693797
-0.0406714
-0.0103416
0.0202606
0.0500308
0.0782155
0.104434
0.128684
0.151229
0.172554
0.193057
0.212553
0.230443
0.246222
0.259315
0.268901
0.274193
0.274682
0.270323
0.261433
0.248702
0.23321
0.216328
0.199504
0.18425
0.171982
0.163682
0.159666
0.159685
0.162952
0.168172
0.173957
0.179324
0.183913
0.187731
0.190829
0.193186
0.194662
0.195001
0.193827
0.19045
0.18383
0.172989
0.157363
0.136937
0.112224
0.0839616
0.0528053
0.0193498
-0.0156659
-0.051395
-0.0871252
-0.122419
-0.156905
-0.190125
-0.221842
-0.252173
-0.281612
-0.310798
-0.34017
-0.369828
-0.399761
-0.429839
-0.459687
-0.488781
-0.516639
-0.543103
-0.568344
-0.592603
-0.615704
-0.636937
-0.655522
-0.67091
-0.682785
-0.690892
-0.69513
-0.695435
-0.691935
-0.685052
-0.675146
-0.662591
-0.647798
-0.631228
-0.613475
-0.595136
-0.576769
-0.558615
-0.540452
-0.521613
-0.501271
-0.478539
-0.452597
-0.423039
-0.389991
-0.353971
-0.315617
-0.275735
-0.235223
-0.195068
-0.156323
-0.120047
-0.0873504
-0.0593586
-0.0375235
-0.0235158
-0.0185866
-0.0230412
-0.0361101
-0.0560856
-0.0807116
-0.107998
-0.13624
-0.16395
-0.189853
-0.2125
-0.23032
-0.242028
-0.246902
-0.24478
-0.235945
-0.221064
-0.20096
-0.1765
-0.148446
-0.117434
-0.0841365
-0.0494982
-0.014873
0.0184246
0.0496062
0.0783852
0.104836
0.129035
0.150708
0.169417
0.184843
0.196817
0.205329
0.21053
0.21242
0.210588
0.204437
0.19372
0.178667
0.15981
0.137893
0.113843
0.0884707
0.0624417
0.0363026
0.0105679
-0.0140286
-0.0364997
-0.0558035
-0.0710603
-0.0817817
-0.0877367
-0.0887289
-0.084646
-0.0756465
-0.0623222
-0.0457384
-0.0271895
-0.00800485
0.0105414
0.0273532
0.0414877
0.0522038
0.0591394
0.0621822
0.0613963
0.0570403
0.0494987
0.0392984
0.0274968
0.0154597
0.00436393
-0.00481279
-0.0113205
-0.014763
-0.0150342
-0.0121666
-0.00622709
0.00244848
0.0132005
0.0252221
0.0377064
0.0500053
0.0614953
0.0716501
0.0802818
0.0874085
0.0933814
0.0988326
0.10432
0.110314
0.117286
0.125785
0.136365
0.149282
0.16435
0.181168
0.199362
0.218649
0.238884
0.260021
0.281917
0.304117
0.325951
0.346876
0.366697
0.385173
0.401736
0.416029
0.428132
0.438129
0.445635
0.450147
0.451467
0.449615
0.444512
0.43597
0.423963
0.408743
0.390951
0.371584
0.351708
0.332141
0.31349
0.29613
0.280102
0.265335
0.251779
0.23953
0.228865
0.219841
0.211979
0.20461
0.197273
0.18996
0.183035
0.176677
0.170606
0.164277
0.157214
0.149111
0.139817
0.129421
0.118236
0.106457
0.0941492
0.0815581
0.0691291
0.0572104
0.0459728
0.0354984
0.0258838
0.0173684
0.010248
0.00482207
0.00127155
-0.000514986
-0.000859407
0.000142729
0.00254314
0.00622047
0.0108234
0.0158893
0.0208869
0.025214
0.0281237
0.0288478
0.0267805
0.0217875
0.0143318
0.00526529
-0.00445629
-0.0138874
-0.0219494
-0.027693
-0.030446
-0.0298733
-0.0259901
-0.0190823
-0.0094353
0.00262898
0.0165245
0.0316705
0.0477632
0.0646237
0.0821188
0.100147
0.118381
0.136061
0.15235
0.16628
0.176847
0.183468
0.186344
0.186158
0.183502
0.178789
0.172362
0.164523
0.155596
0.146113
0.136713
0.127752
0.119401
0.111905
0.105552
0.10048
0.0966402
0.0937217
0.0908615
0.0869057
0.0808201
0.0720232
0.0603932
0.0461222
0.0296956
0.0115292
-0.00797759
-0.0283828
-0.0489405
-0.0685902
-0.0862271
-0.101028
-0.112665
-0.121206
-0.127197
-0.131556
-0.135402
-0.139933
-0.146289
-0.155249
-0.166933
-0.180774
-0.195674
-0.210308
-0.22339
-0.233968
-0.241557
-0.245777
-0.246236
-0.242742
-0.235552
-0.225232
-0.212554
-0.19843
-0.183488
-0.167978
-0.152161
-0.136686
-0.122425
-0.11007
-0.0999413
-0.0919411
-0.0856579
-0.0805887
-0.0762111
-0.0722396
-0.0686573
-0.0655
-0.0628057
-0.0604473
-0.0581981
-0.0558246
-0.0533348
-0.0511463
-0.049779
-0.0495374
-0.0507211
-0.0538787
-0.0595003
-0.067581
-0.0775713
-0.0885878
-0.0997634
-0.110523
-0.120536
-0.129393
-0.136746
-0.142589
-0.147203
-0.150611
-0.152317
-0.151851
-0.149297
-0.145616
-0.142446
-0.141333
-0.143042
-0.147476
-0.15395
-0.161379
-0.168571
-0.174604
-0.179283
-0.182989
-0.186194
-0.189054
-0.191097
-0.191415
-0.189306
-0.184677
-0.177852
-0.169668
-0.161268
-0.153482
-0.146593
-0.140644
-0.135539
-0.130867
-0.126108
-0.120908
-0.115256
-0.10939
-0.10353
-0.0975943
-0.0914057
-0.0850995
-0.0790584
-0.073577
-0.0687502
-0.0648944
-0.0626787
-0.0627061
-0.0653304
-0.0705667
-0.0781395
-0.0873904
-0.097368
-0.107028
-0.11551
-0.122389
-0.127291
-0.129572
-0.128647
-0.124274
-0.116478
-0.105403
-0.0913321
-0.0747267
-0.0561237
-0.0360101
-0.01488
0.00663067
0.0276725
0.04734
0.0652154
0.0815652
0.0963742
0.109202
0.119885
0.128723
0.136124
0.142596
0.148909
0.155814
0.163765
0.172789
0.182711
0.193254
0.204314
0.216184
0.22932
0.243811
0.259323
0.275517
0.29199
0.308175
0.323448
0.33739
0.349619
0.359667
0.367111
0.371822
0.374032
0.373991
0.371813
0.367528
0.361293
0.353335
0.343616
0.332211
0.319597
0.306462
0.293404
0.280874
0.269094
0.257938
0.246919
0.235512
0.223307
0.210171
0.196163
0.181251
0.165164
0.147685
0.128621
0.107889
0.0857735
0.0629483
0.0400976
0.0177258
-0.00381111
-0.0242222
-0.0432342
-0.0607893
-0.0768672
-0.091488
-0.104853
-0.117133
-0.128414
-0.138637
-0.147512
-0.154622
-0.159634
-0.162315
-0.16237
-0.159786
-0.155052
-0.148642
-0.140762
-0.13164
-0.121747
-0.111775
-0.10251
-0.0947583
-0.0890348
-0.0854098
-0.0838581
-0.0844075
-0.0870989
-0.0918209
-0.0982098
-0.105676
-0.113596
-0.121312
-0.128175
-0.133743
-0.137853
-0.140407
-0.141248
-0.140168
-0.137148
-0.132618
-0.127034
-0.120626
-0.11349
-0.105555
-0.0966032
-0.0864591
-0.0752305
-0.063335
-0.0513543
-0.039729
-0.028548
-0.0176893
-0.00717496
0.00283423
0.0122942
0.0211778
0.0294231
0.0371081
0.0443654
0.0511815
0.0573756
0.0627576
0.0673754
0.0714903
0.0752095
0.0781382
0.0794924
0.0786105
0.0753477
0.0701058
0.0635332
0.0563339
0.0489626
0.0416024
0.0344723
0.027719
0.021149
0.0144073
0.00746853
0.000680467
-0.00566235
-0.0115379
-0.0170869
-0.0223901
-0.0274489
-0.0323646
-0.0372629
-0.0420478
-0.0464959
-0.0505382
-0.0541074
-0.0571751
-0.0599348
-0.0627058
-0.0657962
-0.0693739
-0.0734213
-0.077647
-0.0815228
-0.0844967
-0.0864401
-0.0876856
-0.0886096
-0.089578
-0.0910419
-0.0932077
-0.095686
-0.0979719
-0.100087
-0.102544
-0.106032
-0.11098
-0.117401
-0.125047
-0.133469
-0.14219
-0.150875
-0.159035
-0.166127
-0.171718
-0.175301
-0.176144
-0.173555
-0.167155
-0.156815
-0.142583
-0.124752
-0.103856
-0.0806769
-0.0562627
-0.0317844
-0.00831895
0.0134276
0.0332553
0.0510586
0.0664629
0.0789223
0.0879158
0.0929786
0.0939622
0.0913086
0.0857532
0.0780151
0.0688689
0.0591729
0.0496331
0.0406411
0.032397
0.0251958
